984.380000
953.130000
968.750000
953.130000
960.940000
976.560000
984.380000
968.750000
984.380000
968.750000
945.310000
898.440000
882.810000
882.810000
906.250000
945.310000
945.310000
945.310000
981.879000
898.440000
914.060000
937.500000
937.500000
914.060000
945.310000
953.130000
937.500000
945.310000
937.500000
929.690000
937.500000
929.690000
921.880000
953.130000
953.130000
953.130000
968.750000
968.750000
960.940000
976.560000
976.560000
960.940000
984.380000
968.750000
992.190000
984.380000
937.500000
968.750000
953.130000
945.310000
984.380000
976.560000
984.380000
968.750000
945.310000
937.500000
945.310000
937.500000
921.880000
906.250000
914.060000
906.250000
906.250000
929.690000
945.310000
929.690000
914.060000
914.060000
914.060000
906.250000
890.630000
843.750000
843.750000
859.380000
921.880000
929.690000
945.310000
921.880000
945.310000
929.690000
921.880000
921.880000
937.500000
929.690000
914.060000
882.810000
914.060000
906.250000
929.690000
937.500000
945.310000
929.690000
914.060000
898.440000
898.440000
890.630000
937.500000
968.750000
984.380000
914.060000
921.880000
906.250000
898.440000
914.060000
945.310000
960.940000
984.380000
960.940000
984.380000
1000.000000
984.380000
976.560000
976.560000
984.380000
968.750000
976.560000
984.380000
984.380000
1000.000000
976.560000
1007.810000
1007.810000
1007.810000
1023.440000
992.190000
1007.810000
1000.000000
1007.810000
945.310000
960.940000
976.560000
945.310000
945.310000
992.190000
1000.000000
992.190000
976.560000
968.750000
960.940000
960.940000
921.880000
929.690000
976.560000
984.380000
976.560000
976.560000
953.130000
937.500000
945.310000
960.940000
929.690000
945.310000
921.880000
914.060000
914.060000
968.750000
984.380000
1007.810000
1054.689900
1031.250000
1039.060100
1039.060100
1007.810000
953.130000
921.880000
963.433700
844.460300
898.440000
890.630000
851.560000
816.865400
889.981600
859.380000
851.560000
859.380000
851.560000
828.130000
843.750000
835.940000
828.130000
812.500000
812.500000
828.130000
835.940000
812.500000
859.380000
835.940000
828.130000
804.690000
804.690000
789.060000
789.060000
773.440000
765.630000
781.250000
750.000000
757.810000
742.190000
851.228500
828.397600
727.939800
773.440000
757.810000
601.560000
852.407171
765.630000
750.000000
765.630000
765.630000
702.071400
777.262600
789.060000
773.440000
773.440000
796.880000
773.440000
756.937900
601.560000
742.190000
765.630000
773.440000
773.440000
750.000000
773.440000
757.810000
757.810000
734.380000
765.630000
773.440000
729.444000
673.857300
781.250000
757.810000
804.690000
781.250000
820.310000
731.349700
640.630000
754.843796
843.750000
835.940000
820.310000
804.690000
773.440000
781.250000
742.190000
742.190000
742.190000
718.750000
765.630000
757.810000
757.810000
796.880000
796.880000
773.440000
781.250000
796.880000
789.060000
789.060000
835.940000
843.750000
906.250000
890.630000
937.500000
953.130000
914.060000
929.690000
875.000000
890.630000
867.190000
851.560000
859.380000
828.130000
859.380000
890.630000
921.880000
906.250000
921.880000
890.630000
898.440000
898.440000
914.060000
898.440000
906.250000
914.060000
890.630000
906.250000
929.690000
929.690000
929.690000
953.130000
929.690000
976.560000
953.130000
953.130000
890.630000
890.630000
859.380000
867.190000
882.810000
890.630000
882.810000
757.810000
846.595100
914.060000
976.560000
945.310000
953.130000
880.478800
786.832000
794.901900
843.750000
843.750000
789.060000
796.880000
882.810000
859.380000
914.060000
914.060000
875.000000
861.601900
835.983300
843.750000
835.940000
828.130000
820.310000
812.500000
742.190000
831.618900
875.000000
867.190000
898.440000
843.750000
758.861000
736.768400
851.560000
835.940000
828.130000
820.310000
820.310000
812.500000
812.500000
789.060000
828.130000
734.349900
722.896500
796.880000
796.880000
882.810000
828.130000
843.750000
835.940000
882.810000
953.130000
960.940000
1007.810000
1062.500000
1078.130000
1093.750000
1101.560100
869.851770
742.190000
928.082785
890.630000
890.630000
921.880000
1054.689900
1117.189900
1140.630000
1140.630000
1125.000000
1039.060100
843.780200
726.560000
851.560000
820.310000
812.500000
893.497600
811.275600
867.190000
843.750000
914.060000
984.380000
1078.130000
1015.630000
1031.250000
1000.000000
1000.000000
960.940000
929.690000
882.810000
851.560000
855.342500
828.694200
757.810000
726.560000
695.310000
687.500000
765.630000
890.630000
843.750000
921.880000
795.781400
640.630000
840.584520
1000.000000
968.750000
847.316800
792.153800
984.380000
882.810000
851.560000
820.310000
859.380000
953.130000
960.940000
976.560000
945.310000
960.940000
945.310000
929.690000
914.060000
914.060000
945.310000
822.028300
734.380000
862.576200
870.681300
804.690000
883.696700
992.190000
953.130000
937.500000
937.500000
937.299000
896.481300
952.168600
960.940000
929.690000
838.993800
860.329000
1000.000000
909.466000
882.810000
828.130000
835.940000
828.130000
773.440000
773.440000
757.810000
757.810000
734.380000
742.190000
734.380000
750.000000
773.440000
804.690000
812.608600
632.810000
831.140888
945.310000
890.630000
851.560000
843.750000
851.560000
789.060000
789.060000
823.515900
813.709300
713.502900
791.789600
632.810000
804.690000
843.750000
859.380000
835.940000
843.750000
851.560000
812.500000
823.415200
842.991700
835.940000
820.310000
804.690000
789.060000
773.440000
796.880000
718.787500
741.470400
804.690000
804.690000
781.250000
781.250000
804.690000
804.690000
820.310000
785.649500
747.554400
820.310000
828.130000
714.960000
747.423500
762.120700
779.977200
765.630000
773.440000
804.690000
851.560000
906.250000
867.190000
867.190000
792.177900
773.440000
773.440000
789.060000
820.310000
851.560000
945.310000
898.440000
859.380000
851.560000
828.130000
859.380000
820.310000
812.500000
820.310000
828.130000
866.478800
822.305200
796.880000
858.750900
820.310000
853.896800
760.206000
734.380000
742.190000
828.690700
784.151400
835.940000
812.500000
820.310000
843.750000
867.190000
837.295800
776.584500
851.560000
851.560000
851.560000
898.440000
906.250000
890.630000
890.630000
875.000000
859.380000
890.630000
890.630000
851.560000
867.190000
859.380000
859.380000
890.630000
906.250000
757.810000
814.054700
898.440000
859.380000
859.380000
851.560000
766.399700
753.825300
835.940000
812.500000
851.560000
776.677700
771.477700
741.037200
755.225800
828.130000
835.940000
820.310000
820.310000
835.940000
804.690000
835.940000
812.703700
751.269300
804.690000
781.250000
812.500000
835.940000
867.190000
875.000000
851.560000
882.810000
898.440000
859.380000
867.190000
851.560000
804.690000
796.880000
773.440000
757.810000
747.681100
705.546900
786.088300
820.310000
812.500000
812.500000
711.308700
694.469800
859.380000
875.000000
820.310000
851.560000
828.130000
820.310000
804.690000
789.060000
812.500000
796.880000
773.440000
796.880000
789.060000
789.060000
789.060000
796.880000
804.690000
796.880000
789.060000
804.690000
804.690000
804.690000
796.880000
820.310000
828.130000
820.310000
828.130000
820.310000
812.500000
778.268600
796.880000
773.440000
765.630000
765.630000
789.060000
757.810000
773.440000
750.000000
750.000000
757.810000
718.750000
718.750000
742.190000
718.750000
726.560000
757.810000
726.560000
765.630000
765.630000
742.190000
765.630000
781.250000
765.630000
812.500000
796.880000
734.380000
742.190000
828.130000
835.940000
820.310000
804.690000
752.627400
774.330000
737.772300
758.344800
781.250000
786.799800
723.636900
757.810000
703.130000
718.750000
687.500000
648.440000
656.250000
617.190000
640.630000
609.380000
601.560000
609.380000
585.940000
585.940000
578.130000
570.310000
680.644800
670.996600
570.310000
554.690000
546.880000
554.690000
554.690000
562.500000
554.690000
533.475500
471.805900
549.354300
539.060000
578.130000
578.130000
585.940000
601.560000
585.940000
617.190000
593.750000
625.000000
625.000000
617.190000
640.630000
625.000000
648.440000
656.250000
656.250000
671.880000
687.500000
687.500000
695.310000
588.779100
492.190000
656.344840
671.880000
656.250000
648.440000
656.250000
559.702300
593.033000
648.440000
632.810000
625.000000
648.440000
625.000000
664.060000
679.690000
679.690000
703.130000
695.310000
687.500000
703.130000
687.500000
703.130000
679.690000
710.940000
703.130000
679.690000
687.500000
687.500000
671.880000
687.500000
687.500000
710.940000
789.060000
828.130000
835.940000
875.000000
843.750000
835.940000
804.690000
812.500000
773.440000
781.250000
750.000000
765.630000
742.190000
742.190000
726.560000
726.560000
726.560000
726.560000
734.380000
703.130000
726.560000
726.560000
734.380000
765.630000
773.440000
804.690000
812.500000
789.060000
804.690000
804.690000
773.440000
765.630000
734.380000
757.810000
742.190000
796.880000
812.500000
828.130000
812.500000
812.500000
812.500000
820.310000
851.560000
820.310000
859.380000
921.880000
867.190000
890.630000
906.250000
906.250000
898.440000
851.560000
820.310000
828.130000
843.750000
875.000000
820.310000
820.310000
812.500000
804.690000
820.310000
867.190000
851.560000
875.000000
906.250000
867.190000
898.440000
937.500000
875.000000
921.880000
914.060000
898.440000
953.130000
1031.250000
1007.810000
992.190000
1007.810000
937.500000
877.407200
937.500000
901.026600
960.940000
863.253500
835.168500
953.130000
953.130000
968.750000
968.750000
953.130000
960.940000
953.130000
992.190000
1023.440000
1015.630000
984.380000
1007.810000
984.380000
968.750000
945.310000
953.130000
960.940000
992.190000
1023.440000
1046.880000
1023.440000
960.940000
929.690000
937.500000
914.060000
929.690000
960.940000
984.380000
914.060000
960.940000
921.880000
914.060000
898.440000
890.630000
914.060000
921.880000
914.060000
921.880000
882.810000
875.000000
914.060000
1007.810000
1023.440000
1023.440000
1007.810000
968.750000
953.130000
984.380000
1015.630000
1031.250000
984.380000
992.190000
1000.000000
984.380000
984.380000
953.130000
976.560000
976.560000
976.560000
921.880000
921.880000
945.310000
968.750000
953.130000
945.310000
945.310000
953.130000
968.750000
914.060000
921.880000
945.310000
937.500000
960.940000
968.750000
968.750000
898.440000
914.060000
859.380000
851.560000
812.500000
843.750000
906.250000
953.130000
945.310000
898.440000
945.310000
937.500000
906.250000
875.000000
882.810000
859.380000
843.750000
859.380000
906.250000
914.060000
984.380000
1054.689900
1046.880000
1023.440000
1015.630000
1015.630000
968.750000
898.440000
898.440000
882.810000
875.000000
925.058200
907.294400
949.075600
921.880000
976.560000
945.310000
820.310000
948.245200
926.675300
890.630000
867.190000
914.060000
906.250000
906.250000
914.389800
921.337200
756.448200
743.301600
880.984600
921.880000
898.440000
906.250000
875.000000
867.190000
875.000000
859.380000
890.630000
906.250000
898.440000
921.880000
898.440000
921.880000
875.000000
859.380000
843.750000
835.940000
789.388600
909.196700
867.190000
875.000000
843.750000
859.380000
879.795700
865.947400
906.250000
882.810000
906.250000
890.630000
890.630000
898.440000
937.500000
929.690000